0000
0006
0007
0009
0011
0013
0016
0017
0022
0023
0024
0028
0030
0035
0036
0039
0042
0045
0047
0048
0064
0080
0081
0083
0085
0087
0090
0092
0097
0099
0100
0104
0114
0120
0124
0136
0142
0148
0149
0164
0172
0184
0193
0198
0199
0200
0215
0218
0219
0220
0242
0245
0248
0262
0267
0278
0284
0331
0334
0335
0337
0338
0356
0358
0386
0404
0412
0421
0424
0444
0455
0462
0464
0484
0495
0496
0498
0500
0501
0502
0505
0513
0514
0541
0543
0549
0551
0557
0565
0578
0586
0591
0594
0609
0625
0626
0627
0635
0636
0645
0650
0651
0655
0656
0686
0687
0692
0702
0715
0731
0760
0765
0769
0791
0808
0809
0817
0842
0845
0855
0869
0888
0891
0894
0901
0908
0932
0933
0941
0942
0946
0950
0955
0956
0959
0971
0975
0978
0979
0982
0993
1005
1006
1007
1010
1013
1014
1022
1023
1024
1029
1031
1044
1047
1055
1064
1066
1069
1076
1080
1088
1100
1110
1111
1117
1134
1135
1147
1167
1169
1183
1188
1190
1197
1199
1216
1219
1223
1224
1235
1243
1250
1258
1260
1269
1271
1272
1273
1274
1277
1278
1283
1300
1301
1308
1314
1321
1322
1331
1335
1340
1343
1357
1363
1366
1370
1375
1380
1381
1395
1412
1420
1423
1434
1451
1456
1476
1477
1482
1486
1492
1498
1512
1524
1525
1530
1531
1545
1555
1556
1557
1564
1566
1580
1581
1584
1594
1599
1602
1606
1612
1616
1620
1626
1628
1632
1637
1648
1661
1665
1663
1671
1674
1710
1740
1746
1748
1757
1760
1773
1774
1791
1798
1800
1807
1816
1819
1825
1827
1832
1837
1838
1844
1848
1849
1850
1851
1852
1854
1855
1859
1860
1869
1872
1874
1879
1889
1894
1908
1909
1910
1911
1912
1914
1915
1917
1919
1924
1928
1929
1930
1932
1933
1935
1939
1941
1945
1952
1956
1958
1960
1962
1963
1970
1972
1977
1978
1984
1987
1990
1999
2000
2002
2004
2009
2013
2014
2015
2018
2019
2020
2028
2029
2042
2043
2054
2055
2057
2063
2069
2079
2087
2090
2093
2094
2097
2099
2104
2115
2123
2124
2129
2132
2146
2152
2160
2169
2207
2215
2222
2223
2235
2243
2244
2259
2263
2273
2285
2290
2298
2302
2310
2311
2318
2334
2340
2341
2342
2354
2357
2358
2371
2372
2377
2395
2414
2416
2445
2454
2464
2478
2484
2486
2500
2507
2509
2520
2523
2525
2526
2548
2573
2576
2586
2608
2617
2618
2620
2626
2628
2633
2644
2652
2662
2667
2668
2675
2676
2690
2708
2727
2730
2732
2762
2770
2782
2792
2798
2799
2800
2824
2828
2832
2846
2848
2866
2879
2881
2884
2892
2913
2914
2927
2929
2950
2953
2954
2956
2960
2977
2998
3014
3021
3024
3041
3046
3051
3054
3074
3089
3100
3101
3108
3115
3126
3139
3142
3161
3162
3185
3209
3220
3221
3225
3231
3247
3249
3259
3261
3286
3287
3293
3302
3304
3321
3331
3342
3349
3353
3355
3365
3404
3405
3425
3426
3430
3437
3444
3452
3462
3467
3470
3476
3478
3498
3500
3503
3506
3509
3511
3523
3545
3553
3588
3591
3602
3605
3608
3632
3646
3655
3657
3664
3684
3703
3704
3707
3716
3732
3746
3747
3748
3749
3750
3758
3781
3787
3788
3812
3840
3846
3851
3882
3888
3890
3891
3892
3896
3900
3919
3920
3925
3927
3934
3936
3939
3940
3957
3960
3966
3970
3976
3989
3993
4006
4011
4013
4023
4024
4043
4061
4066
4074
4080
4086
4091
4092
4093
4111
4115
4123
4176
4202
4205
4210
4228
4229
4238
4251
4272
4277
4293
4305
4306
4313
4334
4342
4343
4344
4349
4365
4376
4378
4390
4400
4405
4426
4429
4440
4443
4512
4520
4528
4532
4538
4552
4568
4576
4578
4588
4600
4601
4607
4609
4627
4637
4641
4642
4646
4653
4670
4671
4673
4674
4684
4687
4691
4713
4761
4765
4772
4773
4776
4779
4784
4795
4804
4820
4833
4849
4872
4892
4901
4905
4906
4907
4919
4928
4952
4962
4964
4966
4974
4980
4987
4993
4994
4998
4999
5002
5005
5008
5010
5011
5019
5027
5034
5043
5047
5054
5060
5071
5077
5078
5088
5108
5115
5119
5129
5152
5153
5157
5161
5164
5167
5178
5196
5207
5210
5224
5225
5226
5232
5239
5254
5255
5256
5266
5268
5299
5301
5302
5318
5322
5331
5341
5350
5363
5375
5380
5382
5383
5404
5406
5410
5416
5446
5450
5457
5458
5464
5465
5466
5475
5506
5507
5509
5549
5552
5555
5576
5587
5600
5601
5626
5664
5678
5680
5682
5684
5703
5714
5717
5721
5725
5727
5739
5747
5763
5768
5787
5800
5802
5803
5811
5813
5814
5815
5818
5829
5835
5845
5846
5856
5880
5884
5892
5893
5900
5905
5917
5938
5941
5944
5950
5962
5968
5972
5975
5980
5990
5993
6000
6004
6009
6012
6025
6050
6055
6056
6061
6065
6068
6083
6086
6089
6097
6100
6119
6122
6130
6134
6138
6140
6159
6160
6161
6162
6179
6192
6204
6240
6244
6250
6253
6254
6258
6259
6261
6270
6271
6272
6273
6274
6276
6278
6281
6282
6283
6284
6295
6296
6300
6314
6323
6327
6328
6337
6340
6351
6367
6368
6372
6394
6399
6402
6408
6418
6421
6423
6424
6425
6430
6435
6476
6486
6502
6503
6507
6521
6522
6527
6538
6554
6556
6563
6587
6598
6600
6602
6605
6606
6610
6622
6623
6624
6625
6628
6629
6637
6642
6671
6685
6688
6704
6707
6714
6725
6727
6729
6746
6747
6748
6750
6753
6759
6767
6791
6795
6800
6801
6802
6804
6809
6812
6814
6817
6821
6824
6827
6830
6841
6854
6859
6862
6882
6896
6910
6933
6952
6954
6957
6962
6963
6964
6966
6977
6978
6981
6987
6995
7008
7012
7013
7019
7029
7043
7045
7050
7073
7078
7093
7144
7157
7158
7161
7176
7178
7179
7182
7202
7203
7207
7210
7218
7220
7228
7244
7251
7252
7271
7275
7278
7285
7306
7339
7348
7357
7360
7377
7379
7388
7390
7399
7439
7440
7459
7465
7474
7475
7480
7504
7508
7515
7516
7521
7536
7540
7542
7555
7562
7566
7571
7574
7575
7585
7591
7594
7598
7599
7618
7620
7623
7632
7645
7646
7648
7664
7666
7677
7686
7699
7716
7718
7719
7732
7740
7752
7761
7762
7765
7780
7783
7789
7797
7799
7809
7812
7855
7856
7862
7870
7890
7899
7905
7914
7917
7920
7924
7926
7938
7942
7944
7961
7963
7968
7970
7971
7977
7979
7980
7981
7988
8001
8002
8005
8006
8011
8016
8018
8028
8031
8040
8050
8062
8074
8075
8077
8093
8113
8124
8129
8130
8131
8134
8135
8144
8149
8156
8157
8158
8159
8160
8171
8174
8197
8202
8212
8259
8264
8271
8279
8280
8286
8291
8292
8301
8304
8309
8331
8350
8357
8383
8384
8386
8398
8399
8412
8413
8414
8415
8416
8426
8427
8428
8437
8450
8454
8458
8460
8478
8482
8485
8492
8507
8522
8524
8529
8530
8550
8553
8562
8564
8576
8577
8585
8590
8601
8609
8626
8648
8651
8657
8661
8662
8663
8677
8678
8688
8700
8710
8719
8730
8739
8749
8757
8758
8766
8771
8773
8776
8795
8796
8801
8804
8806
8820
8831
8840
8845
8846
8848
8849
8850
8851
8852
8853
8860
8866
8875
8881
8888
8890
8896
8906
8914
8916
8929
8938
8961
8963
8965
8971
8981
8984
8987
8999
9000
9001
9004
9005
9009
9010
9011
9014
9022
9023
9032
9033
9034
9040
9044
9046
9048
9060
9065
9072
9090
9096
9098
9099
9115
9125
9126
9137
9148
9149
9159
9173
9175
9176
9181
9190
9191
9195
9199
9200
9207
9211
9214
9220
9224
9229
9234
9236
9237
9243
9248
9253
9274
9288
9289
9292
9295
9297
9299
9303
9308
9326
9327
9328
9353
9362
9371
9378
9382
9398
9422
9426
9427
9428
9442
9444
9449
9457
9462
9463
9477
9478
9488
9489
9492
9493
9499
9500
9507
9513
9514
9518
9521
9524
9525
9526
9530
9531
9532
9533
9534
9550
9553
9554
9562
9569
9581
9591
9593
9594
9601
9621
9631
9635
9642
9646
9648
9650
9654
9656
9657
9658
9659
9665
9680
9689
9696
9697
9701
9708
9712
9713
9718
9724
9725
9727
9740
9742
9746
9748
9751
9753
9754
9756
9757
9767
9770
9775
9776
9777
9778
9787
9790
9798
9805
9807
9808
9812
9813
9818
9820
9824
9829
9831
9832
9833
9834
9835
9841
9843
9846
9848
9850
9851
9855
9856
9857
9859
9863
9865
9870
9871
9874
9875
9879
9884
9892
9893
9902
9903
9904
9905
9906
9912
9913
9919
9921
9922
9923
9924
9925
9927
9930
9931
9936
9938
9941
9943
9944
9946
9949
9952
9953
9955
9956
9957
9959
9961
9964
9969
9973
9976
9980
9981
9987
9988
9990
9991
9992